15.210692952758732 3.3979400086720375 3.3979400086720375 3.3979400086720375 15.353178367707342 3.3979400086720375 3.3979400086720375 9.411817415046075 3.3979400086720375 9.411817415046075 3.3979400086720375 9.411817415046075 
15.210692952758732 10.843137199002022 7.331092497698139 3.3979400086720375 10.544680463259525 2.0 2.0 3.3979400086720375 9.411817415046075 
2.0 9.411817415046075 2.0 2.0 12.358631114164782 2.0 2.0 8.084313719900203 2.0 
2.0 2.0 2.0 2.0 2.0 2.0 2.0 2.0 2.0 8.775280104064452 6.505149978319906 3.3979400086720375 6.505149978319906 5.591760034688151 2.0 3.3979400086720375 
3.3979400086720375 2.0 3.3979400086720375 4.568636235841013 4.568636235841013 8.775280104064452 5.591760034688151 15.353178367707342 2.0 2.0 2.0 2.0 4.568636235841013 10.843137199002022 2.0 3.3979400086720375 2.0 3.3979400086720375 4.568636235841013 2.0 12.358631114164782 2.0 
2.0 6.505149978319906 2.0 6.505149978319906 6.505149978319906 2.0 5.591760034688151 2.0 2.0 6.505149978319906 2.0 
15.210692952758732 2.0 7.331092497698139 2.0 2.0 2.0 8.775280104064452 7.331092497698139 2.0 7.331092497698139 2.0 2.0 3.3979400086720375 2.0 4.568636235841013 2.0 3.3979400086720375 
15.210692952758732 3.3979400086720375 2.0 10.843137199002022 4.568636235841013 4.568636235841013 2.0 10.843137199002022 8.084313719900203 10.0 2.0 3.3979400086720375 10.843137199002022 2.0 2.0 9.411817415046075 2.0 10.843137199002022 2.0 6.505149978319906 15.767787491137545 3.3979400086720375 
8.084313719900203 5.591760034688151 2.0 15.353178367707342 2.0 2.0 8.084313719900203 2.0 2.0 8.775280104064452 2.0 
2.0 8.084313719900203 7.331092497698139 15.767787491137545 14.466701021911465 2.0 2.0 2.0 2.0 2.0 2.0 2.0 4.568636235841013 2.0 2.0 
2.0 2.0 3.3979400086720375 4.568636235841013 15.210692952758732 3.3979400086720375 8.084313719900203 8.775280104064452 4.568636235841013 6.505149978319906 3.3979400086720375 3.3979400086720375 8.084313719900203 3.3979400086720375 3.3979400086720375 10.843137199002022 15.210692952758732 8.775280104064452 4.568636235841013 3.3979400086720375 5.591760034688151 9.411817415046075 4.568636235841013 9.411817415046075 15.767787491137545 3.3979400086720375 3.3979400086720375 3.3979400086720375 
2.0 8.084313719900203 8.084313719900203 10.0 5.591760034688151 2.0 10.843137199002022 4.568636235841013 2.0 2.0 9.411817415046075 8.084313719900203 15.210692952758732 2.0 3.3979400086720375 5.591760034688151 12.358631114164782 7.331092497698139 2.0 5.591760034688151 2.0 12.358631114164782 11.049825047428502 2.0 
8.084313719900203 3.3979400086720375 11.049825047428502 12.358631114164782 2.0 6.505149978319906 4.568636235841013 6.505149978319906 8.084313719900203 15.767787491137545 7.331092497698139 2.0 10.843137199002022 2.0 
12.734080277505203 14.466701021911465 3.3979400086720375 2.0 6.505149978319906 3.3979400086720375 9.411817415046075 2.0 5.591760034688151 2.0 15.353178367707342 9.411817415046075 3.3979400086720375 6.505149978319906 2.0 3.3979400086720375 10.843137199002022 2.0 8.775280104064452 8.775280104064452 13.70368158189625 3.3979400086720375 3.3979400086720375 2.0 
12.734080277505203 2.0 3.3979400086720375 2.0 3.3979400086720375 6.505149978319906 2.0 3.3979400086720375 4.568636235841013 2.0 8.084313719900203 2.0 8.084313719900203 2.0 8.084313719900203 3.3979400086720375 2.0 5.591760034688151 4.568636235841013 10.843137199002022 2.0 8.084313719900203 2.0 8.084313719900203 2.0 3.3979400086720375 6.505149978319906 2.0 2.0 2.0 2.0 4.568636235841013 2.0 2.0 8.084313719900203 3.3979400086720375 2.0 2.0 
3.3979400086720375 6.505149978319906 9.411817415046075 2.0 2.0 10.843137199002022 3.3979400086720375 2.0 2.0 5.591760034688151 4.568636235841013 7.331092497698139 2.0 10.843137199002022 2.0 
2.0 2.0 12.358631114164782 2.0 3.3979400086720375 5.591760034688151 15.767787491137545 3.3979400086720375 12.358631114164782 4.568636235841013 9.411817415046075 
14.466701021911465 4.568636235841013 8.775280104064452 5.591760034688151 5.591760034688151 6.505149978319906 2.0 6.505149978319906 2.0 2.0 2.0 2.0 8.775280104064452 2.0 5.591760034688151 2.0 
15.353178367707342 2.0 2.0 2.0 2.0 8.775280104064452 10.544680463259525 2.0 2.0 2.0 2.0 8.084313719900203 2.0 5.591760034688151 3.3979400086720375 2.0 10.843137199002022 2.0 2.0 
2.0 2.0 2.0 3.3979400086720375 3.3979400086720375 6.505149978319906 2.0 8.084313719900203 4.568636235841013 8.775280104064452 
4.568636235841013 7.331092497698139 6.505149978319906 12.358631114164782 3.3979400086720375 2.0 2.0 3.3979400086720375 8.775280104064452 
15.353178367707342 2.0 2.0 2.0 2.0 5.591760034688151 2.0 2.0 2.0 3.3979400086720375 2.0 3.3979400086720375 9.411817415046075 6.505149978319906 2.0 2.0 7.331092497698139 2.0 2.0 7.331092497698139 10.843137199002022 3.3979400086720375 2.0 
6.505149978319906 2.0 2.0 2.0 2.0 2.0 8.775280104064452 4.568636235841013 2.0 2.0 10.843137199002022 4.568636235841013 3.3979400086720375 6.505149978319906 2.0 2.0 2.0 8.775280104064452 8.775280104064452 2.0 2.0 2.0 2.0 2.0 2.0 2.0 2.0 
15.353178367707342 2.0 2.0 2.0 2.0 10.843137199002022 2.0 13.70368158189625 6.505149978319906 2.0 5.591760034688151 5.591760034688151 2.0 10.843137199002022 2.0 2.0 6.505149978319906 15.767787491137545 9.411817415046075 2.0 4.568636235841013 10.843137199002022 2.0 10.0 2.0 2.0 
15.210692952758732 2.0 4.568636235841013 2.0 9.411817415046075 7.331092497698139 10.544680463259525 2.0 2.0 2.0 2.0 3.3979400086720375 2.0 8.084313719900203 2.0 12.734080277505203 13.70368158189625 2.0 2.0 2.0 15.210692952758732 2.0 15.353178367707342 3.3979400086720375 14.466701021911465 2.0 3.3979400086720375 2.0 3.3979400086720375 2.0 2.0 6.505149978319906 2.0 3.3979400086720375 
2.0 15.353178367707342 2.0 2.0 8.084313719900203 4.568636235841013 3.3979400086720375 9.411817415046075 3.3979400086720375 9.411817415046075 
15.210692952758732 4.568636235841013 6.505149978319906 5.591760034688151 3.3979400086720375 8.084313719900203 15.767787491137545 15.210692952758732 6.505149978319906 10.843137199002022 7.331092497698139 3.3979400086720375 2.0 2.0 3.3979400086720375 5.591760034688151 3.3979400086720375 10.843137199002022 2.0 
4.568636235841013 2.0 15.210692952758732 4.568636235841013 5.591760034688151 2.0 15.767787491137545 2.0 
2.0 13.70368158189625 2.0 2.0 10.843137199002022 2.0 2.0 
15.210692952758732 2.0 2.0 9.411817415046075 2.0 2.0 8.084313719900203 2.0 2.0 2.0 2.0 
4.568636235841013 10.843137199002022 2.0 2.0 8.775280104064452 2.0 5.591760034688151 9.411817415046075 5.591760034688151 8.775280104064452 10.843137199002022 6.505149978319906 3.3979400086720375 2.0 8.775280104064452 2.0 2.0 11.049825047428502 
4.568636235841013 6.505149978319906 5.591760034688151 2.0 2.0 2.0 4.568636235841013 3.3979400086720375 3.3979400086720375 2.0 4.568636235841013 3.3979400086720375 10.843137199002022 2.0 2.0 2.0 2.0 3.3979400086720375 2.0 5.591760034688151 2.0 10.843137199002022 2.0 9.411817415046075 3.3979400086720375 6.505149978319906 2.0 2.0 2.0 3.3979400086720375 8.775280104064452 4.568636235841013 2.0 2.0 2.0 5.591760034688151 10.843137199002022 
5.591760034688151 2.0 9.411817415046075 4.568636235841013 5.591760034688151 15.353178367707342 8.775280104064452 4.568636235841013 2.0 
2.0 12.734080277505203 6.505149978319906 5.591760034688151 5.591760034688151 2.0 5.591760034688151 8.775280104064452 2.0 2.0 15.353178367707342 8.775280104064452 15.210692952758732 10.843137199002022 8.775280104064452 7.331092497698139 
2.0 2.0 9.411817415046075 8.084313719900203 15.353178367707342 2.0 2.0 13.70368158189625 6.505149978319906 2.0 2.0 2.0 2.0 10.843137199002022 2.0 2.0 10.843137199002022 13.70368158189625 2.0 2.0 2.0 10.843137199002022 2.0 2.0 
2.0 15.353178367707342 3.3979400086720375 11.049825047428502 10.843137199002022 3.3979400086720375 5.591760034688151 2.0 3.3979400086720375 2.0 10.843137199002022 2.0 2.0 9.411817415046075 15.767787491137545 2.0 2.0 12.734080277505203 9.411817415046075 13.70368158189625 14.466701021911465 4.568636235841013 2.0 10.843137199002022 2.0 
12.358631114164782 2.0 15.210692952758732 9.411817415046075 2.0 2.0 3.3979400086720375 5.591760034688151 7.331092497698139 14.466701021911465 13.70368158189625 2.0 2.0 3.3979400086720375 2.0 2.0 3.3979400086720375 2.0 10.843137199002022 3.3979400086720375 6.505149978319906 2.0 2.0 5.591760034688151 7.331092497698139 
8.775280104064452 15.210692952758732 10.843137199002022 2.0 3.3979400086720375 3.3979400086720375 6.505149978319906 8.084313719900203 2.0 4.568636235841013 11.049825047428502 
2.0 2.0 15.210692952758732 2.0 4.568636235841013 2.0 2.0 2.0 2.0 8.775280104064452 2.0 8.775280104064452 3.3979400086720375 5.591760034688151 2.0 3.3979400086720375 5.591760034688151 2.0 10.843137199002022 2.0 
2.0 5.591760034688151 7.331092497698139 10.843137199002022 2.0 5.591760034688151 3.3979400086720375 5.591760034688151 2.0 4.568636235841013 2.0 2.0 10.843137199002022 2.0 
15.353178367707342 2.0 3.3979400086720375 4.568636235841013 10.843137199002022 2.0 2.0 2.0 2.0 9.411817415046075 5.591760034688151 5.591760034688151 10.544680463259525 3.3979400086720375 3.3979400086720375 3.3979400086720375 3.3979400086720375 
2.0 8.084313719900203 2.0 3.3979400086720375 6.505149978319906 2.0 2.0 10.843137199002022 2.0 6.505149978319906 9.411817415046075 4.568636235841013 5.591760034688151 2.0 5.591760034688151 10.843137199002022 2.0 4.568636235841013 
2.0 2.0 2.0 5.591760034688151 3.3979400086720375 10.843137199002022 2.0 2.0 6.505149978319906 15.767787491137545 2.0 2.0 
8.775280104064452 5.591760034688151 5.591760034688151 2.0 2.0 2.0 2.0 2.0 2.0 2.0 2.0 
2.0 8.775280104064452 4.568636235841013 9.411817415046075 2.0 7.331092497698139 3.3979400086720375 3.3979400086720375 4.568636235841013 2.0 10.843137199002022 2.0 2.0 2.0 6.505149978319906 2.0 2.0 
2.0 15.210692952758732 2.0 2.0 2.0 2.0 14.466701021911465 5.591760034688151 4.568636235841013 9.411817415046075 2.0 10.843137199002022 8.084313719900203 10.0 3.3979400086720375 2.0 4.568636235841013 12.358631114164782 2.0 5.591760034688151 15.767787491137545 4.568636235841013 5.591760034688151 2.0 2.0 
7.331092497698139 2.0 2.0 5.591760034688151 13.70368158189625 2.0 6.505149978319906 10.843137199002022 8.775280104064452 15.210692952758732 3.3979400086720375 8.775280104064452 2.0 12.734080277505203 14.466701021911465 3.3979400086720375 4.568636235841013 2.0 2.0 8.775280104064452 9.411817415046075 2.0 10.843137199002022 3.3979400086720375 
15.210692952758732 3.3979400086720375 2.0 15.210692952758732 9.411817415046075 2.0 2.0 2.0 2.0 8.775280104064452 6.505149978319906 2.0 2.0 10.843137199002022 4.568636235841013 8.084313719900203 2.0 
2.0 15.210692952758732 4.568636235841013 2.0 4.568636235841013 2.0 6.505149978319906 3.3979400086720375 6.505149978319906 7.331092497698139 8.775280104064452 2.0 3.3979400086720375 
3.3979400086720375 4.568636235841013 2.0 2.0 5.591760034688151 6.505149978319906 8.084313719900203 2.0 8.775280104064452 3.3979400086720375 4.568636235841013 8.084313719900203 2.0 3.3979400086720375 2.0 2.0 2.0 
4.568636235841013 2.0 10.843137199002022 4.568636235841013 2.0 9.411817415046075 5.591760034688151 3.3979400086720375 2.0 2.0 7.331092497698139 2.0 10.843137199002022 2.0 6.505149978319906 2.0 5.591760034688151 2.0 3.3979400086720375 4.568636235841013 10.843137199002022 8.084313719900203 
3.3979400086720375 9.411817415046075 2.0 3.3979400086720375 14.466701021911465 3.3979400086720375 6.505149978319906 8.084313719900203 2.0 2.0 4.568636235841013 
7.331092497698139 3.3979400086720375 13.70368158189625 4.568636235841013 2.0 10.843137199002022 3.3979400086720375 3.3979400086720375 8.084313719900203 7.331092497698139 2.0 3.3979400086720375 2.0 2.0 2.0 10.843137199002022 2.0 12.358631114164782 6.505149978319906 9.411817415046075 7.331092497698139 2.0 12.358631114164782 2.0 10.843137199002022 4.568636235841013 6.505149978319906 
12.734080277505203 2.0 5.591760034688151 8.084313719900203 3.3979400086720375 2.0 2.0 10.843137199002022 12.358631114164782 2.0 2.0 3.3979400086720375 13.70368158189625 2.0 10.843137199002022 4.568636235841013 3.3979400086720375 7.331092497698139 2.0 5.591760034688151 7.331092497698139 10.843137199002022 2.0 13.70368158189625 4.568636235841013 2.0 10.843137199002022 
3.3979400086720375 2.0 2.0 12.734080277505203 13.70368158189625 2.0 3.3979400086720375 2.0 2.0 2.0 2.0 8.775280104064452 8.775280104064452 13.70368158189625 5.591760034688151 2.0 10.843137199002022 2.0 2.0 9.411817415046075 4.568636235841013 2.0 10.843137199002022 4.568636235841013 2.0 
7.331092497698139 3.3979400086720375 3.3979400086720375 2.0 7.331092497698139 2.0 3.3979400086720375 3.3979400086720375 2.0 2.0 8.775280104064452 6.505149978319906 4.568636235841013 6.505149978319906 10.843137199002022 3.3979400086720375 4.568636235841013 9.411817415046075 2.0 3.3979400086720375 
8.084313719900203 2.0 2.0 3.3979400086720375 12.358631114164782 4.568636235841013 2.0 9.411817415046075 2.0 15.767787491137545 2.0 2.0 3.3979400086720375 2.0 10.843137199002022 8.084313719900203 5.591760034688151 4.568636235841013 3.3979400086720375 10.843137199002022 2.0 5.591760034688151 10.843137199002022 2.0 2.0 9.411817415046075 2.0 
2.0 5.591760034688151 7.331092497698139 3.3979400086720375 2.0 2.0 4.568636235841013 13.70368158189625 9.411817415046075 8.775280104064452 12.358631114164782 2.0 2.0 13.70368158189625 2.0 3.3979400086720375 4.568636235841013 13.70368158189625 2.0 2.0 2.0 
2.0 10.843137199002022 2.0 9.411817415046075 9.411817415046075 15.767787491137545 2.0 3.3979400086720375 4.568636235841013 4.568636235841013 12.358631114164782 2.0 2.0 3.3979400086720375 2.0 2.0 2.0 8.084313719900203 2.0 10.843137199002022 2.0 12.358631114164782 2.0 8.084313719900203 3.3979400086720375 10.843137199002022 2.0 5.591760034688151 
2.0 8.775280104064452 5.591760034688151 4.568636235841013 2.0 10.843137199002022 4.568636235841013 4.568636235841013 2.0 2.0 4.568636235841013 2.0 4.568636235841013 
3.3979400086720375 3.3979400086720375 2.0 10.843137199002022 2.0 2.0 2.0 10.843137199002022 5.591760034688151 2.0 12.734080277505203 5.591760034688151 15.767787491137545 3.3979400086720375 10.843137199002022 9.411817415046075 3.3979400086720375 6.505149978319906 15.767787491137545 2.0 10.843137199002022 2.0 4.568636235841013 2.0 10.544680463259525 2.0 7.331092497698139 2.0 2.0 10.843137199002022 2.0 6.505149978319906 8.084313719900203 13.70368158189625 2.0 2.0 2.0 2.0 
3.3979400086720375 4.568636235841013 15.210692952758732 3.3979400086720375 8.084313719900203 8.084313719900203 3.3979400086720375 3.3979400086720375 10.843137199002022 15.210692952758732 8.775280104064452 4.568636235841013 3.3979400086720375 5.591760034688151 3.3979400086720375 3.3979400086720375 9.411817415046075 4.568636235841013 9.411817415046075 15.767787491137545 3.3979400086720375 3.3979400086720375 3.3979400086720375 8.775280104064452 2.0 3.3979400086720375 6.505149978319906 3.3979400086720375 3.3979400086720375 
3.3979400086720375 2.0 15.210692952758732 3.3979400086720375 3.3979400086720375 2.0 6.505149978319906 2.0 8.084313719900203 2.0 6.505149978319906 5.591760034688151 10.544680463259525 2.0 4.568636235841013 2.0 2.0 6.505149978319906 6.505149978319906 9.411817415046075 7.331092497698139 2.0 2.0 
15.210692952758732 7.331092497698139 12.358631114164782 2.0 4.568636235841013 10.843137199002022 5.591760034688151 11.049825047428502 6.505149978319906 6.505149978319906 15.767787491137545 3.3979400086720375 2.0 2.0 3.3979400086720375 7.331092497698139 2.0 10.0 2.0 2.0 2.0 2.0 10.843137199002022 2.0 4.568636235841013 2.0 2.0 
15.210692952758732 8.084313719900203 3.3979400086720375 10.0 2.0 10.843137199002022 11.049825047428502 6.505149978319906 4.568636235841013 9.411817415046075 15.767787491137545 5.591760034688151 2.0 15.353178367707342 4.568636235841013 5.591760034688151 15.767787491137545 7.331092497698139 10.843137199002022 4.568636235841013 8.775280104064452 
2.0 7.331092497698139 3.3979400086720375 13.70368158189625 2.0 5.591760034688151 2.0 3.3979400086720375 8.775280104064452 10.843137199002022 2.0 2.0 2.0 10.544680463259525 5.591760034688151 2.0 8.084313719900203 2.0 2.0 8.084313719900203 2.0 2.0 5.591760034688151 2.0 2.0 3.3979400086720375 2.0 10.843137199002022 3.3979400086720375 
5.591760034688151 12.358631114164782 9.411817415046075 2.0 4.568636235841013 10.843137199002022 2.0 2.0 2.0 3.3979400086720375 3.3979400086720375 8.775280104064452 6.505149978319906 6.505149978319906 2.0 4.568636235841013 2.0 6.505149978319906 10.544680463259525 3.3979400086720375 2.0 
4.568636235841013 2.0 2.0 6.505149978319906 15.353178367707342 4.568636235841013 2.0 2.0 6.505149978319906 5.591760034688151 3.3979400086720375 15.353178367707342 2.0 2.0 14.466701021911465 2.0 4.568636235841013 2.0 3.3979400086720375 2.0 10.843137199002022 2.0 3.3979400086720375 6.505149978319906 3.3979400086720375 10.843137199002022 2.0 
3.3979400086720375 15.353178367707342 8.775280104064452 6.505149978319906 10.843137199002022 3.3979400086720375 5.591760034688151 3.3979400086720375 15.767787491137545 2.0 10.843137199002022 2.0 4.568636235841013 4.568636235841013 2.0 4.568636235841013 5.591760034688151 2.0 10.843137199002022 3.3979400086720375 2.0 7.331092497698139 2.0 3.3979400086720375 12.734080277505203 14.466701021911465 4.568636235841013 4.568636235841013 3.3979400086720375 
2.0 2.0 4.568636235841013 2.0 2.0 2.0 2.0 12.358631114164782 2.0 4.568636235841013 8.775280104064452 3.3979400086720375 2.0 12.734080277505203 14.466701021911465 3.3979400086720375 5.591760034688151 15.767787491137545 2.0 10.843137199002022 2.0 4.568636235841013 10.843137199002022 4.568636235841013 8.775280104064452 6.505149978319906 8.084313719900203 4.568636235841013 12.358631114164782 2.0 2.0 2.0 2.0 4.568636235841013 10.843137199002022 11.049825047428502 
15.210692952758732 5.591760034688151 3.3979400086720375 2.0 10.843137199002022 2.0 2.0 3.3979400086720375 2.0 6.505149978319906 6.505149978319906 2.0 15.353178367707342 2.0 2.0 8.084313719900203 2.0 8.084313719900203 4.568636235841013 5.591760034688151 2.0 2.0 7.331092497698139 12.358631114164782 2.0 10.843137199002022 2.0 8.775280104064452 6.505149978319906 12.358631114164782 2.0 9.411817415046075 10.843137199002022 11.049825047428502 
2.0 8.084313719900203 8.775280104064452 14.466701021911465 2.0 2.0 3.3979400086720375 6.505149978319906 2.0 5.591760034688151 2.0 10.0 2.0 2.0 9.411817415046075 2.0 8.084313719900203 2.0 8.084313719900203 2.0 2.0 4.568636235841013 10.843137199002022 2.0 5.591760034688151 4.568636235841013 3.3979400086720375 12.734080277505203 14.466701021911465 2.0 3.3979400086720375 7.331092497698139 2.0 
2.0 15.353178367707342 2.0 5.591760034688151 2.0 10.843137199002022 2.0 10.843137199002022 3.3979400086720375 6.505149978319906 9.411817415046075 15.767787491137545 5.591760034688151 2.0 10.843137199002022 2.0 
3.3979400086720375 10.544680463259525 6.505149978319906 3.3979400086720375 2.0 2.0 2.0 10.843137199002022 3.3979400086720375 2.0 15.353178367707342 2.0 2.0 5.591760034688151 10.843137199002022 7.331092497698139 2.0 8.084313719900203 2.0 5.591760034688151 9.411817415046075 10.544680463259525 2.0 10.843137199002022 2.0 5.591760034688151 5.591760034688151 4.568636235841013 3.3979400086720375 8.775280104064452 2.0 4.568636235841013 14.466701021911465 2.0 2.0 4.568636235841013 9.411817415046075 3.3979400086720375 3.3979400086720375 2.0 
3.3979400086720375 3.3979400086720375 13.70368158189625 4.568636235841013 2.0 2.0 12.358631114164782 3.3979400086720375 2.0 3.3979400086720375 10.843137199002022 12.734080277505203 5.591760034688151 3.3979400086720375 3.3979400086720375 6.505149978319906 3.3979400086720375 9.411817415046075 3.3979400086720375 12.358631114164782 3.3979400086720375 3.3979400086720375 
15.210692952758732 7.331092497698139 12.358631114164782 2.0 3.3979400086720375 10.843137199002022 5.591760034688151 11.049825047428502 12.358631114164782 2.0 6.505149978319906 4.568636235841013 15.767787491137545 3.3979400086720375 15.353178367707342 2.0 3.3979400086720375 8.084313719900203 2.0 4.568636235841013 6.505149978319906 3.3979400086720375 9.411817415046075 3.3979400086720375 12.358631114164782 3.3979400086720375 3.3979400086720375 
2.0 7.331092497698139 12.358631114164782 2.0 10.843137199002022 3.3979400086720375 6.505149978319906 8.775280104064452 6.505149978319906 2.0 3.3979400086720375 10.544680463259525 2.0 4.568636235841013 5.591760034688151 2.0 5.591760034688151 9.411817415046075 12.734080277505203 13.70368158189625 14.466701021911465 2.0 2.0 4.568636235841013 
3.3979400086720375 7.331092497698139 12.358631114164782 3.3979400086720375 2.0 10.843137199002022 5.591760034688151 2.0 5.591760034688151 4.568636235841013 6.505149978319906 12.358631114164782 4.568636235841013 6.505149978319906 10.843137199002022 3.3979400086720375 5.591760034688151 6.505149978319906 2.0 3.3979400086720375 5.591760034688151 15.353178367707342 4.568636235841013 4.568636235841013 4.568636235841013 
3.3979400086720375 2.0 6.505149978319906 8.775280104064452 4.568636235841013 2.0 2.0 2.0 8.084313719900203 2.0 3.3979400086720375 14.466701021911465 2.0 10.843137199002022 11.049825047428502 12.358631114164782 2.0 5.591760034688151 4.568636235841013 15.767787491137545 2.0 10.843137199002022 3.3979400086720375 9.411817415046075 15.767787491137545 2.0 2.0 
14.466701021911465 2.0 2.0 2.0 5.591760034688151 5.591760034688151 5.591760034688151 3.3979400086720375 10.843137199002022 4.568636235841013 2.0 4.568636235841013 13.70368158189625 3.3979400086720375 10.0 2.0 2.0 10.843137199002022 2.0 9.411817415046075 8.775280104064452 3.3979400086720375 5.591760034688151 14.466701021911465 2.0 4.568636235841013 10.843137199002022 2.0 
4.568636235841013 2.0 10.843137199002022 2.0 3.3979400086720375 2.0 10.843137199002022 4.568636235841013 7.331092497698139 4.568636235841013 9.411817415046075 15.767787491137545 4.568636235841013 2.0 5.591760034688151 2.0 10.843137199002022 2.0 
8.084313719900203 8.084313719900203 12.358631114164782 2.0 2.0 9.411817415046075 10.843137199002022 2.0 2.0 4.568636235841013 9.411817415046075 15.767787491137545 5.591760034688151 4.568636235841013 2.0 5.591760034688151 7.331092497698139 3.3979400086720375 4.568636235841013 2.0 
2.0 8.084313719900203 12.358631114164782 2.0 4.568636235841013 10.843137199002022 5.591760034688151 11.049825047428502 2.0 8.084313719900203 15.767787491137545 2.0 2.0 12.358631114164782 2.0 2.0 2.0 13.70368158189625 5.591760034688151 2.0 10.843137199002022 4.568636235841013 2.0 5.591760034688151 3.3979400086720375 5.591760034688151 5.591760034688151 15.767787491137545 12.734080277505203 14.466701021911465 2.0 10.843137199002022 2.0 9.411817415046075 3.3979400086720375 8.775280104064452 2.0 15.767787491137545 2.0 3.3979400086720375 
2.0 2.0 2.0 2.0 8.084313719900203 2.0 2.0 3.3979400086720375 10.843137199002022 2.0 2.0 7.331092497698139 2.0 4.568636235841013 2.0 2.0 2.0 15.353178367707342 3.3979400086720375 2.0 3.3979400086720375 2.0 10.843137199002022 2.0 6.505149978319906 9.411817415046075 4.568636235841013 2.0 2.0 
2.0 10.843137199002022 3.3979400086720375 4.568636235841013 4.568636235841013 4.568636235841013 10.843137199002022 3.3979400086720375 3.3979400086720375 2.0 8.775280104064452 15.767787491137545 2.0 5.591760034688151 3.3979400086720375 2.0 2.0 10.843137199002022 2.0 2.0 7.331092497698139 2.0 2.0 8.084313719900203 2.0 
4.568636235841013 3.3979400086720375 6.505149978319906 12.358631114164782 2.0 2.0 10.843137199002022 2.0 4.568636235841013 5.591760034688151 3.3979400086720375 5.591760034688151 9.411817415046075 7.331092497698139 2.0 5.591760034688151 5.591760034688151 2.0 4.568636235841013 3.3979400086720375 3.3979400086720375 2.0 3.3979400086720375 12.358631114164782 7.331092497698139 8.775280104064452 3.3979400086720375 
4.568636235841013 9.411817415046075 2.0 2.0 2.0 2.0 6.505149978319906 6.505149978319906 2.0 2.0 2.0 7.331092497698139 2.0 3.3979400086720375 2.0 2.0 10.843137199002022 2.0 2.0 
2.0 2.0 5.591760034688151 2.0 2.0 3.3979400086720375 4.568636235841013 3.3979400086720375 3.3979400086720375 2.0 2.0 2.0 10.843137199002022 2.0 2.0 8.775280104064452 2.0 2.0 2.0 3.3979400086720375 2.0 2.0 
2.0 2.0 3.3979400086720375 3.3979400086720375 3.3979400086720375 15.353178367707342 3.3979400086720375 3.3979400086720375 9.411817415046075 3.3979400086720375 9.411817415046075 3.3979400086720375 9.411817415046075 15.210692952758732 15.353178367707342 2.0 8.084313719900203 12.358631114164782 2.0 4.568636235841013 2.0 15.767787491137545 2.0 2.0 2.0 8.775280104064452 4.568636235841013 9.411817415046075 2.0 15.353178367707342 8.775280104064452 8.775280104064452 2.0 7.331092497698139 3.3979400086720375 8.775280104064452 3.3979400086720375 7.331092497698139 
2.0 9.411817415046075 10.544680463259525 2.0 5.591760034688151 6.505149978319906 2.0 9.411817415046075 7.331092497698139 15.353178367707342 14.466701021911465 2.0 2.0 3.3979400086720375 8.775280104064452 2.0 10.843137199002022 3.3979400086720375 6.505149978319906 6.505149978319906 10.843137199002022 3.3979400086720375 13.70368158189625 14.466701021911465 2.0 2.0 8.775280104064452 8.775280104064452 13.70368158189625 2.0 
15.210692952758732 10.843137199002022 2.0 2.0 15.353178367707342 2.0 8.084313719900203 2.0 8.775280104064452 3.3979400086720375 2.0 2.0 
2.0 3.3979400086720375 7.331092497698139 2.0 7.331092497698139 14.466701021911465 2.0 3.3979400086720375 2.0 5.591760034688151 2.0 3.3979400086720375 2.0 
2.0 4.568636235841013 2.0 7.331092497698139 15.767787491137545 14.466701021911465 3.3979400086720375 3.3979400086720375 2.0 2.0 2.0 2.0 2.0 10.843137199002022 2.0 
2.0 6.505149978319906 9.411817415046075 2.0 10.0 2.0 5.591760034688151 7.331092497698139 15.767787491137545 2.0 
2.0 3.3979400086720375 2.0 5.591760034688151 2.0 2.0 2.0 
3.3979400086720375 2.0 2.0 6.505149978319906 2.0 4.568636235841013 6.505149978319906 2.0 2.0 
12.734080277505203 14.466701021911465 3.3979400086720375 2.0 6.505149978319906 2.0 2.0 2.0 3.3979400086720375 8.775280104064452 
2.0 2.0 2.0 10.843137199002022 9.411817415046075 5.591760034688151 15.767787491137545 2.0 10.843137199002022 4.568636235841013 8.775280104064452 
5.591760034688151 15.353178367707342 2.0 2.0 8.084313719900203 6.505149978319906 2.0 
7.331092497698139 10.0 2.0 3.3979400086720375 15.767787491137545 2.0 2.0 
